+--------------------------------------------------------------------------------------------------------------------------------------------------------------------------------------------------------------------------------+
; Legal Partition Candidates                                                                                                                                                                                                     ;
+---------------------------+-------+----------------+--------------+----------------+--------+-----------------+---------------+-----------------+-------+----------------+--------------+------------------+-------------------+
; Hierarchy                 ; Input ; Constant Input ; Unused Input ; Floating Input ; Output ; Constant Output ; Unused Output ; Floating Output ; Bidir ; Constant Bidir ; Unused Bidir ; Input only Bidir ; Output only Bidir ;
+---------------------------+-------+----------------+--------------+----------------+--------+-----------------+---------------+-----------------+-------+----------------+--------------+------------------+-------------------+
; slrx|xmem_intf_mux        ; 1168  ; 0              ; 2            ; 0              ; 1076   ; 0               ; 0             ; 0               ; 0     ; 0              ; 0            ; 0                ; 0                 ;
; slrx|linear               ; 793   ; 244            ; 452          ; 244            ; 303    ; 244             ; 244           ; 244             ; 0     ; 0              ; 0            ; 0                ; 0                 ;
; slrx|mem_intf_write_lin   ; 0     ; 0              ; 0            ; 0              ; 0      ; 0               ; 0             ; 0               ; 280   ; 0              ; 280          ; 0                ; 280               ;
; slrx|mem_intf_read_lin    ; 0     ; 0              ; 0            ; 0              ; 0      ; 0               ; 0             ; 0               ; 280   ; 0              ; 280          ; 0                ; 280               ;
; slrx|pool                 ; 793   ; 145            ; 517          ; 145            ; 303    ; 145             ; 145           ; 145             ; 0     ; 0              ; 0            ; 0                ; 0                 ;
; slrx|mem_intf_write_pool  ; 0     ; 0              ; 0            ; 0              ; 0      ; 0               ; 0             ; 0               ; 280   ; 0              ; 280          ; 0                ; 280               ;
; slrx|mem_intf_read_pool   ; 0     ; 0              ; 0            ; 0              ; 0      ; 0               ; 0             ; 0               ; 280   ; 0              ; 280          ; 0                ; 280               ;
; slrx|conv                 ; 793   ; 256            ; 455          ; 256            ; 303    ; 256             ; 256           ; 256             ; 0     ; 0              ; 0            ; 0                ; 0                 ;
; slrx|mem_intf_write_conv  ; 0     ; 0              ; 0            ; 0              ; 0      ; 0               ; 0             ; 0               ; 280   ; 0              ; 280          ; 0                ; 280               ;
; slrx|mem_intf_read_conv   ; 0     ; 0              ; 0            ; 0              ; 0      ; 0               ; 0             ; 0               ; 280   ; 0              ; 280          ; 0                ; 280               ;
; slrx|slrx_regs_intrf_lin  ; 0     ; 0              ; 0            ; 0              ; 0      ; 0               ; 0             ; 0               ; 534   ; 0              ; 534          ; 0                ; 534               ;
; slrx|slrx_regs_intrf_pool ; 0     ; 0              ; 0            ; 0              ; 0      ; 0               ; 0             ; 0               ; 534   ; 0              ; 534          ; 0                ; 534               ;
; slrx|slrx_regs_intrf_conv ; 0     ; 0              ; 0            ; 0              ; 0      ; 0               ; 0             ; 0               ; 534   ; 0              ; 534          ; 0                ; 534               ;
; slrx                      ; 804   ; 0              ; 15           ; 0              ; 830    ; 0               ; 0             ; 0               ; 0     ; 0              ; 0            ; 0                ; 0                 ;
; mem_intf_write            ; 0     ; 0              ; 0            ; 0              ; 0      ; 0               ; 0             ; 0               ; 280   ; 0              ; 280          ; 0                ; 280               ;
; mem_intf_read             ; 0     ; 0              ; 0            ; 0              ; 0      ; 0               ; 0             ; 0               ; 280   ; 0              ; 280          ; 0                ; 280               ;
+---------------------------+-------+----------------+--------------+----------------+--------+-----------------+---------------+-----------------+-------+----------------+--------------+------------------+-------------------+
